1.6807e+06
1.39436e+09
1.51181e+09
1.51217e+08
1.47596e+09
2.05477e+09
6.46397e+08
9.5972e+08
1.90753e+08
7.75921e+08
1.26269e+09
6.65289e+08
1.44273e+08
1.06097e+09
9.48324e+08
6.83906e+08
4.18394e+08
6.71996e+07
1.35877e+08
9.52457e+08
7.98379e+08
1.57018e+09
4.10361e+08
1.83102e+09
1.47574e+08
1.25489e+09
4.11622e+08
2.04925e+09
2.02958e+09
6.22585e+08
2.24367e+08
1.1238e+09
1.68237e+09
1.57615e+09
1.14579e+09
1.27073e+09
8.14837e+08
5.86683e+08
1.41875e+09
4.27493e+08
1.33213e+09
1.9744e+09
1.24329e+09
1.76235e+09
1.35844e+09
2.06753e+09
1.58326e+09
3.68478e+08
1.1091e+09
1.21774e+09
1.05017e+09
1.67546e+09
7.99179e+08
2.05952e+09
1.09389e+09
1.27982e+09
1.52442e+09
7.64383e+08
5.70243e+08
1.64886e+09
1.7047e+09
1.66574e+09
4.96246e+08
1.68051e+09
1.91849e+09
1.86021e+09
3.00721e+08
8.64484e+08
4.83237e+08
1.4998e+09
1.81102e+08
2.16354e+08
1.6316e+09
7.57395e+08
1.71061e+09
4.12218e+07
6.74294e+08
1.94009e+09
8.86305e+08
1.51453e+09
1.82954e+09
2.99506e+07
6.70411e+08
1.94231e+09
1.11023e+09
1.48191e+09
4.33781e+08
6.64448e+08
1.81418e+09
4.9731e+08
1.84043e+09
1.25727e+09
9.62208e+08
1.49221e+09
1.00961e+09
3.87904e+08
1.30902e+09
1.40641e+09
1.91196e+09
1.274e+09
1.46775e+09
7.63198e+08
1.90191e+09
1.84817e+09
2.11058e+09
1.95259e+08
8.18178e+08
2.04602e+09
4.98857e+08
1.17074e+09
3.78914e+08
1.32821e+09
2.04475e+07
1.4062e+09
5.84654e+08
1.12933e+09
2.65948e+08
7.6543e+08
1.77848e+09
6.72375e+08
1.73465e+09
5.81472e+08
1.21772e+08
1.86537e+09
1.35718e+09
1.17646e+09
1.77774e+09
1.10873e+09
1.71046e+08
1.58943e+09
3.05916e+08
8.41834e+08
5.97032e+08
1.53075e+09
3.21114e+08
9.07908e+08
2.11739e+09
1.94058e+09
1.57935e+09
1.65996e+09
1.27007e+09
6.86787e+08
6.22699e+08
2.04596e+09
1.53127e+09
1.54941e+09
1.5747e+08
1.77797e+09
1.22598e+09
8.88225e+08
6.23665e+08
6.83366e+08
1.09645e+09
1.59647e+09
1.43567e+09
5.79409e+08
